  1  4  4  2  1  0  0  1
  1  2  2  3  3  4  4  1
  1  3  2  4
  1  2  3  4

  0  1  0  1



  2  7  8  4  2  0  2  2
  1  2  2  3  3  4  4  1  5  6  6  7  7  2  2  5
  1  3  2  4  5  7  6  2
  1  2  3  4  5  6  7  2

  0  1  0  1  0  1  0
  1  1


  3 10 12  6  3  0  5  4
  1  2  2  3  3  4  4  1  5  6  6  7  7  8  8  5  9 10 10  1  1  6  6  9
  1  3  2  4  5  7  6  8  9  1 10  6
  1  2  3  4  5  6  7  8  9 10  1  6

  0  1  0  1  0  1  0  1  0  1
  1  1  1  2  2


  4 10 12  6  3  0  5  2
  1  2  2  3  3  4  4  1  5  6  6  7  7  2  2  5  8  9  9 10 10  6  6  8
  1  3  2  4  5  7  6  2  8 10  9  6
  1  2  3  4  5  6  7  2  8  9 10  6

  0  1  0  1  0  1  0  0  1  0
  1  1  2  1  2


  5 13 16  8  4  0  9  8
  1  2  2  3  3  4  4  1  5  6  6  1  1  7  7  5  8  9  9 10 10 11 11  8 12 13 13  5  5  9  9 12
  1  3  2  4  5  1  6  7  8 10  9 11 12  5 13  9
  1  2  3  4  5  6  1  7  8  9 10 11 12 13  5  9

  0  1  0  1  0  1  1  0  1  0  1  0  1
  1  1  2  1  1  2  4  2  3


  6 12 16  8  4  1 12  1
  1  2  2  3  3  4  4  1  5  6  6  7  7  2  2  5  8  9  9  1  1 10 10  8 11 12 12  5  5  9  9 11
  1  3  2  4  5  7  6  2  8  1  9 10 11  5 12  9
  1  2  3  4  5  6  7  2  8  9  1 10 11 12  5  9
  2  1  9  5
  0  1  0  1  0  1  0  0  1  1  0  1
  1  1  2  1  2  3  1  2  3  2  3  3


  7 13 16  8  4  0  9  4
  1  2  2  3  3  4  4  1  5  6  6  7  7  2  2  5  8  9  9 10 10 11 11  8 12 13 13  1  1  9  9 12
  1  3  2  4  5  7  6  2  8 10  9 11 12  1 13  9
  1  2  3  4  5  6  7  2  8  9 10 11 12 13  1  9

  0  1  0  1  0  1  0  0  1  0  1  0  1
  1  1  2  1  1  2  3  2  3


  8 13 16  8  4  0 10  4
  1  2  2  3  3  4  4  1  5  6  6  7  7  8  8  5  9 10 10  1  1  6  6  9 11 12 12 13 13 10 10 11
  1  3  2  4  5  7  6  8  9  1 10  6 11 13 12 10
  1  2  3  4  5  6  7  8  9 10  1  6 11 12 13 10

  0  1  0  1  0  1  0  1  0  1  0  1  0
  1  1  1  2  2  3  1  2  3  4


  9 13 16  8  4  0  9  2
  1  2  2  3  3  4  4  1  5  6  6  7  7  2  2  5  8  9  9 10 10  6  6  8 11 12 12 13 13  9  9 11
  1  3  2  4  5  7  6  2  8 10  9  6 11 13 12  9
  1  2  3  4  5  6  7  2  8  9 10  6 11 12 13  9

  0  1  0  1  0  1  0  0  1  0  0  1  0
  1  1  2  1  2  4  1  2  4


 10 16 20 10  5  0 14  8
  1  2  2  3  3  4  4  1  5  6  6  1  1  7  7  5  8  9  9  5  5 10 10  8 11 12 12 13 13 14 14 11 15 16 16  8  8 12 12 15
  1  3  2  4  5  1  6  7  8  5  9 10 11 13 12 14 15  8 16 12
  1  2  3  4  5  6  1  7  8  9  5 10 11 12 13 14 15 16  8 12

  0  1  0  1  0  1  1  0  1  1  0  1  0  1  0  1
  1  1  2  1  2  4  1  1  2  4  9  2  3  5


 11 16 20 10  5  0 14  4
  1  2  2  3  3  4  4  1  5  6  6  7  7  2  2  5  8  9  9 10 10  6  6  8 11 12 12  1  1 13 13 11 14 15 15  8  8 16 16 14
  1  3  2  4  5  7  6  2  8 10  9  6 11  1 12 13 14  8 15 16
  1  2  3  4  5  6  7  2  8  9 10  6 11 12  1 13 14 15  8 16

  0  1  0  1  0  1  0  0  1  0  0  1  1  0  1  1
  1  1  2  1  2  4  1  2  3  5  1  2  3  5


 12 16 20 10  5  0 14  4
  1  2  2  3  3  4  4  1  5  6  6  7  7  2  2  5  8  9  9  1  1 10 10  8 11 12 12 13 13 14 14 11 15 16 16  8  8 12 12 15
  1  3  2  4  5  7  6  2  8  1  9 10 11 13 12 14 15  8 16 12
  1  2  3  4  5  6  7  2  8  9  1 10 11 12 13 14 15 16  8 12

  0  1  0  1  0  1  0  0  1  1  0  1  0  1  0  1
  1  1  2  1  2  3  1  1  2  4  5  2  3  5


 13 15 20 10  5  1 20  8
  1  2  2  3  3  4  4  1  5  6  6  7  7  2  2  5  8  9  9 10 10 11 11  8 12 13 13  1  1  9  9 12 14 15 15  5  5 13 13 14
  1  3  2  4  5  7  6  2  8 10  9 11 12  1 13  9 14  5 15 13
  1  2  3  4  5  6  7  2  8  9 10 11 12 13  1  9 14 15  5 13
  2  1 13  5
  0  1  0  1  0  1  0  0  1  0  1  0  1  0  1
  1  1  2  1  1  2  3  2  3  7  1  2  3  2  3  3  6  4  8  5


 14 16 20 10  5  0 16  8
  1  2  2  3  3  4  4  1  5  6  6  1  1  7  7  5  8  9  9 10 10  6  6  8 11 12 12 13 13 14 14 11 15 16 16  5  5 12 12 15
  1  3  2  4  5  1  6  7  8 10  9  6 11 13 12 14 15  5 16 12
  1  2  3  4  5  6  1  7  8  9 10  6 11 12 13 14 15 16  5 12

  0  1  0  1  0  1  1  0  1  0  0  1  0  1  0  1
  1  1  2  1  2  3  1  1  2  4  3  8  2  3  5  7


 15 16 20 10  5  0 14  8
  1  2  2  3  3  4  4  1  5  6  6  1  1  7  7  5  8  9  9 10 10 11 11  8 12 13 13  5  5  9  9 12 14 15 15  8  8 16 16 14
  1  3  2  4  5  1  6  7  8 10  9 11 12  5 13  9 14  8 15 16
  1  2  3  4  5  6  1  7  8  9 10 11 12 13  5  9 14 15  8 16

  0  1  0  1  0  1  1  0  1  0  1  0  1  0  1  1
  1  1  2  1  1  2  4  2  3  5  1  2  3  7


 16 16 20 10  5  0 14  4
  1  2  2  3  3  4  4  1  5  6  6  1  1  7  7  5  8  9  9 10 10 11 11  8 12 13 13 14 14  9  9 12 15 16 16  5  5 13 13 15
  1  3  2  4  5  1  6  7  8 10  9 11 12 14 13  9 15  5 16 13
  1  2  3  4  5  6  1  7  8  9 10 11 12 13 14  9 15 16  5 13

  0  1  0  1  0  1  1  0  1  0  1  0  1  0  0  1
  1  1  2  1  1  2  1  2  4  2  3  5  4  5


 17 16 20 10  5  0 16  8
  1  2  2  3  3  4  4  1  5  6  6  1  1  7  7  5  8  9  9 10 10 11 11  8 12 13 13  5  5  9  9 12 14 15 15 12 12 16 16 14
  1  3  2  4  5  1  6  7  8 10  9 11 12  5 13  9 14 12 15 16
  1  2  3  4  5  6  1  7  8  9 10 11 12 13  5  9 14 15 12 16

  0  1  0  1  0  1  1  0  1  0  1  0  1  0  1  1
  1  1  2  1  1  2  4  2  3  5  1  2  4  9  3  8


 18 16 20 10  5  0 16  4
  1  2  2  3  3  4  4  1  5  6  6  1  1  7  7  5  8  9  9 10 10 11 11  8 12 13 13  5  5  9  9 12 14 15 15 16 16 13 13 14
  1  3  2  4  5  1  6  7  8 10  9 11 12  5 13  9 14 16 15 13
  1  2  3  4  5  6  1  7  8  9 10 11 12 13  5  9 14 15 16 13

  0  1  0  1  0  1  1  0  1  0  1  0  1  0  1  0
  1  1  2  1  1  2  4  2  3  5  1  2  3  5  4  8


 19 16 20 10  5  0 14  4
  1  2  2  3  3  4  4  1  5  6  6  7  7  8  8  5  9 10 10  1  1  6  6  9 11 12 12 13 13 14 14 11 15 16 16  5  5 12 12 15
  1  3  2  4  5  7  6  8  9  1 10  6 11 13 12 14 15  5 16 12
  1  2  3  4  5  6  7  8  9 10  1  6 11 12 13 14 15 16  5 12

  0  1  0  1  0  1  0  1  0  1  0  1  0  1  0  1
  1  1  1  2  2  3  1  1  2  3  7  2  3  7


 20 16 20 10  5  0 19  1
  1  2  2  3  3  4  4  1  5  6  6  7  7  8  8  5  9 10 10  1  1  6  6  9 11 12 12 13 13 10 10 11 14 15 15  9  9 16 16 14
  1  3  2  4  5  7  6  8  9  1 10  6 11 13 12 10 14  9 15 16
  1  2  3  4  5  6  7  8  9 10  1  6 11 12 13 10 14 15  9 16

  0  1  0  1  0  1  0  1  0  1  0  1  0  0  1  1
  1  1  1  2  2  3  1  2  3  4  8  1  2  4  3  8  3  8  8


 21 16 20 10  5  0 14  2
  1  2  2  3  3  4  4  1  5  6  6  7  7  2  2  5  8  9  9 10 10  6  6  8 11 12 12 13 13  9  9 11 14 15 15 16 16 12 12 14
  1  3  2  4  5  7  6  2  8 10  9  6 11 13 12  9 14 16 15 12
  1  2  3  4  5  6  7  2  8  9 10  6 11 12 13  9 14 15 16 12

  0  1  0  1  0  1  0  0  1  0  0  1  0  0  1  0
  1  1  2  1  2  4  1  2  4  9  1  2  4  9


 22 19 24 12  6  0 20  8
  1  2  2  3  3  4  4  1  5  6  6  1  1  7  7  5  8  9  9  5  5 10 10  8 11 12 12  8  8 13 13 11 14 15 15 16 16 17 17 14 18 19 19 11 11 15 15 18
  1  3  2  4  5  1  6  7  8  5  9 10 11  8 12 13 14 16 15 17 18 11 19 15
  1  2  3  4  5  6  1  7  8  9  5 10 11 12  8 13 14 15 16 17 18 19 11 15

  0  1  0  1  0  1  1  0  1  1  0  1  1  0  1  0  1  0  1
  1  1  2  1  2  4  1  2  4  9  1  1  2  4  9 21  2  3  5 10


 23 19 24 12  6  0 20  4
  1  2  2  3  3  4  4  1  5  6  6  7  7  2  2  5  8  9  9 10 10  6  6  8 11 12 12 13 13  9  9 11 14 15 15  1  1 16 16 14 17 18 18 11 11 19 19 17
  1  3  2  4  5  7  6  2  8 10  9  6 11 13 12  9 14  1 15 16 17 11 18 19
  1  2  3  4  5  6  7  2  8  9 10  6 11 12 13  9 14 15  1 16 17 18 11 19

  0  1  0  1  0  1  0  0  1  0  0  1  0  0  1  1  0  1  1
  1  1  2  1  2  4  1  2  4  9  1  2  3  5 10  1  2  3  5 10


 24 19 24 12  6  0 20  4
  1  2  2  3  3  4  4  1  5  6  6  7  7  2  2  5  8  9  9  1  1 10 10  8 11 12 12  8  8 13 13 11 14 15 15 16 16 17 17 14 18 19 19 11 11 15 15 18
  1  3  2  4  5  7  6  2  8  1  9 10 11  8 12 13 14 16 15 17 18 11 19 15
  1  2  3  4  5  6  7  2  8  9  1 10 11 12  8 13 14 15 16 17 18 19 11 15

  0  1  0  1  0  1  0  0  1  1  0  1  1  0  1  0  1  0  1
  1  1  2  1  2  3  1  2  4  5  1  1  2  4  9 10  2  3  5 10


 25 19 24 12  6  0 23  8
  1  2  2  3  3  4  4  1  5  6  6  7  7  8  8  5  9 10 10 11 11 12 12  9 13 14 14  1  1 10 10 13 15 16 16 17 17 14 14 15 18 19 19  5  5 16 16 18
  1  3  2  4  5  7  6  8  9 11 10 12 13  1 14 10 15 17 16 14 18  5 19 16
  1  2  3  4  5  6  7  8  9 10 11 12 13 14  1 10 15 16 17 14 18 19  5 16

  0  1  0  1  0  1  0  1  0  1  0  1  0  1  0  1  0  0  1
  1  1  1  1  2  2  3  1  2  3  4  8  1  2  2  3  4  5  5 11  9 17 10


 26 19 24 12  6  0 23  8
  1  2  2  3  3  4  4  1  5  6  6  1  1  7  7  5  8  9  9 10 10  6  6  8 11 12 12  5  5 13 13 11 14 15 15 16 16 17 17 14 18 19 19 11 11 15 15 18
  1  3  2  4  5  1  6  7  8 10  9  6 11  5 12 13 14 16 15 17 18 11 19 15
  1  2  3  4  5  6  1  7  8  9 10  6 11 12  5 13 14 15 16 17 18 19 11 15

  0  1  0  1  0  1  1  0  1  0  0  1  1  0  1  0  1  0  1
  1  1  2  1  2  3  1  2  4  3  8  1  1  2  4  9  5 17  2  3  5 10 12


 27 18 24 12  6  1 29  8
  1  2  2  3  3  4  4  1  5  6  6  1  1  7  7  5  8  9  9 10 10 11 11  8 12 13 13  5  5  9  9 12 14 15 15  8  8 16 16 14 17 18 18 12 12 15 15 17
  1  3  2  4  5  1  6  7  8 10  9 11 12  5 13  9 14  8 15 16 17 12 18 15
  1  2  3  4  5  6  1  7  8  9 10 11 12 13  5  9 14 15  8 16 17 18 12 15
  9  8 15 12
  0  1  0  1  0  1  1  0  1  0  1  0  1  0  1  1  0  1
  1  1  2  1  1  2  4  2  3  5  1  2  3  7 15  1  2  4  9  3  8 17  2  3  3  5 10  6 13


 28 19 24 12  6  0 24  8
  1  2  2  3  3  4  4  1  5  6  6  1  1  7  7  5  8  9  9  5  5 10 10  8 11 12 12 13 13  9  9 11 14 15 15 16 16 17 17 14 18 19 19  8  8 15 15 18
  1  3  2  4  5  1  6  7  8  5  9 10 11 13 12  9 14 16 15 17 18  8 19 15
  1  2  3  4  5  6  1  7  8  9  5 10 11 12 13  9 14 15 16 17 18 19  8 15

  0  1  0  1  0  1  1  0  1  1  0  1  0  0  1  0  1  0  1
  1  1  2  1  2  4  1  2  3  5  1  1  2  4  9  3  8 17  2  3  5 10  7 14


 29 19 24 12  6  0 20  8
  1  2  2  3  3  4  4  1  5  6  6  1  1  7  7  5  8  9  9  5  5 10 10  8 11 12 12 13 13 14 14 11 15 16 16  8  8 12 12 15 17 18 18 11 11 19 19 17
  1  3  2  4  5  1  6  7  8  5  9 10 11 13 12 14 15  8 16 12 17 11 18 19
  1  2  3  4  5  6  1  7  8  9  5 10 11 12 13 14 15 16  8 12 17 18 11 19

  0  1  0  1  0  1  1  0  1  1  0  1  0  1  0  1  0  1  1
  1  1  2  1  2  4  1  1  2  4  9  2  3  5 10  1  2  3  7 15


 30 19 24 12  6  0 20  8
  1  2  2  3  3  4  4  1  5  6  6  1  1  7  7  5  8  9  9  5  5 10 10  8 11 12 12 13 13 14 14 11 15 16 16 17 17 12 12 15 18 19 19  8  8 16 16 18
  1  3  2  4  5  1  6  7  8  5  9 10 11 13 12 14 15 17 16 12 18  8 19 16
  1  2  3  4  5  6  1  7  8  9  5 10 11 12 13 14 15 16 17 12 18 19  8 16

  0  1  0  1  0  1  1  0  1  1  0  1  0  1  0  1  0  0  1
  1  1  2  1  2  4  1  1  2  1  2  4  9  2  3  5 10  4  5 16


 31 19 24 12  6  0 23  8
  1  2  2  3  3  4  4  1  5  6  6  1  1  7  7  5  8  9  9  5  5 10 10  8 11 12 12 13 13 14 14 11 15 16 16  8  8 12 12 15 17 18 18 15 15 19 19 17
  1  3  2  4  5  1  6  7  8  5  9 10 11 13 12 14 15  8 16 12 17 15 18 19
  1  2  3  4  5  6  1  7  8  9  5 10 11 12 13 14 15 16  8 12 17 18 15 19

  0  1  0  1  0  1  1  0  1  1  0  1  0  1  0  1  0  1  1
  1  1  2  1  2  4  1  1  2  4  9  2  3  5 10  1  2  4  9 21  3  8 17


 32 19 24 12  6  0 23  4
  1  2  2  3  3  4  4  1  5  6  6  1  1  7  7  5  8  9  9  5  5 10 10  8 11 12 12 13 13 14 14 11 15 16 16  8  8 12 12 15 17 18 18 19 19 16 16 17
  1  3  2  4  5  1  6  7  8  5  9 10 11 13 12 14 15  8 16 12 17 19 18 16
  1  2  3  4  5  6  1  7  8  9  5 10 11 12 13 14 15 16  8 12 17 18 19 16

  0  1  0  1  0  1  1  0  1  1  0  1  0  1  0  1  0  1  0
  1  1  2  1  2  4  1  1  2  4  9  2  3  5 10  1  2  3  5 10  4  8 18


 33 19 24 12  6  0 23  8
  1  2  2  3  3  4  4  1  5  6  6  7  7  2  2  5  8  9  9  1  1 10 10  8 11 12 12 13 13 14 14 11 15 16 16  8  8 12 12 15 17 18 18 19 19 16 16 17
  1  3  2  4  5  7  6  2  8  1  9 10 11 13 12 14 15  8 16 12 17 19 18 16
  1  2  3  4  5  6  7  2  8  9  1 10 11 12 13 14 15 16  8 12 17 18 19 16

  0  1  0  1  0  1  0  0  1  1  0  1  0  1  0  1  0  1  0
  1  1  2  1  2  3  1  1  2  4  5  2  3  5 12  1  2  3  5 11  4  8 18


 34 19 24 12  6  0 24  4
  1  2  2  3  3  4  4  1  5  6  6  7  7  2  2  5  8  9  9 10 10 11 11  8 12 13 13  1  1  9  9 12 14 15 15 12 12 16 16 14 17 18 18 19 19 15 15 17
  1  3  2  4  5  7  6  2  8 10  9 11 12  1 13  9 14 12 15 16 17 19 18 15
  1  2  3  4  5  6  7  2  8  9 10 11 12 13  1  9 14 15 12 16 17 18 19 15

  0  1  0  1  0  1  0  0  1  0  1  0  1  0  1  1  0  1  0
  1  1  2  1  1  2  3  2  3  7  1  2  4  5  3  8 14  1  2  3  5 11  7 14


 35 17 24 12  6  2 39  2
  1  2  2  3  3  4  4  1  5  6  6  7  7  2  2  5  8  9  9 10 10  6  6  8 11 12 12  1  1 13 13 11 14 15 15  5  5 12 12 14 16 17 17  8  8 15 15 16
  1  3  2  4  5  7  6  2  8 10  9  6 11  1 12 13 14  5 15 12 16  8 17 15
  1  2  3  4  5  6  7  2  8  9 10  6 11 12  1 13 14 15  5 12 16 17  8 15
  2  1 12  5  6  5 15  8
  0  1  0  1  0  1  0  0  1  0  0  1  1  0  1  0  1
  1  1  2  1  2  4  1  2  3  5  1  2  3  3  8  2  3  3  6  7 13  1  2  3  5 11  2  3  7  3  6 13  4  5  8 13  5 11 13


 36 19 24 12  6  0 20  8
  1  2  2  3  3  4  4  1  5  6  6  7  7  2  2  5  8  9  9  5  5 10 10  8 11 12 12 13 13 14 14 11 15 16 16 17 17 12 12 15 18 19 19  8  8 16 16 18
  1  3  2  4  5  7  6  2  8  5  9 10 11 13 12 14 15 17 16 12 18  8 19 16
  1  2  3  4  5  6  7  2  8  9  5 10 11 12 13 14 15 16 17 12 18 19  8 16

  0  1  0  1  0  1  0  0  1  1  0  1  0  1  0  1  0  0  1
  1  1  2  1  2  3  1  1  2  1  2  4  5  2  3  5 11  4  5 16


 37 19 24 12  6  0 20  8
  1  2  2  3  3  4  4  1  5  6  6  7  7  2  2  5  8  9  9 10 10  6  6  8 11 12 12 13 13 14 14 11 15 16 16  1  1 12 12 15 17 18 18  8  8 19 19 17
  1  3  2  4  5  7  6  2  8 10  9  6 11 13 12 14 15  1 16 12 17  8 18 19
  1  2  3  4  5  6  7  2  8  9 10  6 11 12 13 14 15 16  1 12 17 18  8 19

  0  1  0  1  0  1  0  0  1  0  0  1  0  1  0  1  0  1  1
  1  1  2  1  2  4  1  1  2  3  5  2  3  7 15  1  2  3  5 11


 38 19 24 12  6  0 20  8
  1  2  2  3  3  4  4  1  5  6  6  7  7  8  8  5  9 10 10  1  1  6  6  9 11 12 12  5  5 13 13 11 14 15 15 16 16 17 17 14 18 19 19 11 11 15 15 18
  1  3  2  4  5  7  6  8  9  1 10  6 11  5 12 13 14 16 15 17 18 11 19 15
  1  2  3  4  5  6  7  8  9 10  1  6 11 12  5 13 14 15 16 17 18 19 11 15

  0  1  0  1  0  1  0  1  0  1  0  1  1  0  1  0  1  0  1
  1  1  1  2  2  3  1  2  3  7  1  1  2  4  5 15  2  3  5 12


 39 18 24 12  6  1 29  8
  1  2  2  3  3  4  4  1  5  6  6  7  7  2  2  5  8  9  9  1  1 10 10  8 11 12 12  5  5  9  9 11 13 14 14 15 15 16 16 13 17 18 18  8  8 14 14 17
  1  3  2  4  5  7  6  2  8  1  9 10 11  5 12  9 13 15 14 16 17  8 18 14
  1  2  3  4  5  6  7  2  8  9  1 10 11 12  5  9 13 14 15 16 17 18  8 14
  2  1  9  5
  0  1  0  1  0  1  0  0  1  1  0  1  0  1  0  1  0  1
  1  1  2  1  2  3  1  2  3  2  3  3  6  1  1  2  4  5  3  8  7 13  2  3  5 12  7 14 19


 40 19 24 12  6  0 20  8
  1  2  2  3  3  4  4  1  5  6  6  7  7  2  2  5  8  9  9 10 10  6  6  8 11 12 12  1  1 13 13 11 14 15 15 16 16 17 17 14 18 19 19 11 11 15 15 18
  1  3  2  4  5  7  6  2  8 10  9  6 11  1 12 13 14 16 15 17 18 11 19 15
  1  2  3  4  5  6  7  2  8  9 10  6 11 12  1 13 14 15 16 17 18 19 11 15

  0  1  0  1  0  1  0  0  1  0  0  1  1  0  1  0  1  0  1
  1  1  2  1  2  4  1  2  3  5  1  1  2  4  5 16  2  3  5 12


 41 18 24 12  6  1 32  8
  1  2  2  3  3  4  4  1  5  6  6  1  1  7  7  5  8  9  9 10 10  6  6  8 11 12 12 13 13 14 14 11 15 16 16  5  5 12 12 15 17 18 18  8  8 16 16 17
  1  3  2  4  5  1  6  7  8 10  9  6 11 13 12 14 15  5 16 12 17  8 18 16
  1  2  3  4  5  6  1  7  8  9 10  6 11 12 13 14 15 16  5 12 17 18  8 16
  6  5 16  8
  0  1  0  1  0  1  1  0  1  0  0  1  0  1  0  1  0  1
  1  1  2  1  2  3  1  1  2  4  3  8  2  3  5  7 14  1  2  3  7  2  3  5  3  6 13  4  8 18  5 13


 42 18 24 12  6  1 31  4
  1  2  2  3  3  4  4  1  5  6  6  7  7  8  8  5  9 10 10  1  1  6  6  9 11 12 12 13 13 14 14 11 15 16 16  5  5 12 12 15 17 18 18  9  9 16 16 17
  1  3  2  4  5  7  6  8  9  1 10  6 11 13 12 14 15  5 16 12 17  9 18 16
  1  2  3  4  5  6  7  8  9 10  1  6 11 12 13 14 15 16  5 12 17 18  9 16
  6  5 16  9
  0  1  0  1  0  1  0  1  0  1  0  1  0  1  0  1  0  1
  1  1  1  2  2  3  1  1  2  3  7  2  3  7 19  1  2  4  3  8  2  3  3  5  6 13  4  8  5 16 13


 43 18 24 12  6  1 31  4
  1  2  2  3  3  4  4  1  5  6  6  7  7  2  2  5  8  9  9 10 10  6  6  8 11 12 12 13 13 14 14 11 15 16 16  1  1 12 12 15 17 18 18  5  5 16 16 17
  1  3  2  4  5  7  6  2  8 10  9  6 11 13 12 14 15  1 16 12 17  5 18 16
  1  2  3  4  5  6  7  2  8  9 10  6 11 12 13 14 15 16  1 12 17 18  5 16
  2  1 16  5
  0  1  0  1  0  1  0  0  1  0  0  1  0  1  0  1  0  1
  1  1  2  1  2  4  1  1  2  3  5  2  3  7 15  1  2  3  3  8  2  3  3  6  7 13  4  8  5 13 15


 44 18 24 12  6  1 35  4
  1  2  2  3  3  4  4  1  5  6  6  7  7  2  2  5  8  9  9 10 10 11 11  8 12 13 13  1  1  9  9 12 14 15 15  5  5 13 13 14 16 17 17 12 12 18 18 16
  1  3  2  4  5  7  6  2  8 10  9 11 12  1 13  9 14  5 15 13 16 12 17 18
  1  2  3  4  5  6  7  2  8  9 10 11 12 13  1  9 14 15  5 13 16 17 12 18
  2  1 13  5
  0  1  0  1  0  1  0  0  1  0  1  0  1  0  1  0  1  1
  1  1  2  1  1  2  3  2  3  7  1  2  3  2  3  3  6  4  8  5 13  1  2  4  5  3  8 14  3  8  7 13  8 20 14


 45 18 24 12  6  1 32  4
  1  2  2  3  3  4  4  1  5  6  6  7  7  2  2  5  8  9  9 10 10 11 11  8 12 13 13  1  1  9  9 12 14 15 15  5  5 13 13 14 16 17 17 18 18 15 15 16
  1  3  2  4  5  7  6  2  8 10  9 11 12  1 13  9 14  5 15 13 16 18 17 15
  1  2  3  4  5  6  7  2  8  9 10 11 12 13  1  9 14 15  5 13 16 17 18 15
  2  1 13  5
  0  1  0  1  0  1  0  0  1  0  1  0  1  0  1  0  1  0
  1  1  2  1  1  2  3  2  3  7  1  2  3  2  3  3  6  4  8  5 13  1  2  3  7  4  5  8 13  9 17 17


 46 19 24 12  6  0 24  8
  1  2  2  3  3  4  4  1  5  6  6  1  1  7  7  5  8  9  9 10 10  6  6  8 11 12 12 13 13  9  9 11 14 15 15 16 16 17 17 14 18 19 19  5  5 15 15 18
  1  3  2  4  5  1  6  7  8 10  9  6 11 13 12  9 14 16 15 17 18  5 19 15
  1  2  3  4  5  6  1  7  8  9 10  6 11 12 13  9 14 15 16 17 18 19  5 15

  0  1  0  1  0  1  1  0  1  0  0  1  0  0  1  0  1  0  1
  1  1  2  1  2  3  1  2  4  5  1  1  2  4  3  8  5 18  2  3  5  7 14 15


 47 19 24 12  6  0 23  8
  1  2  2  3  3  4  4  1  5  6  6  1  1  7  7  5  8  9  9 10 10  6  6  8 11 12 12 13 13 14 14 11 15 16 16  5  5 12 12 15 17 18 18 11 11 19 19 17
  1  3  2  4  5  1  6  7  8 10  9  6 11 13 12 14 15  5 16 12 17 11 18 19
  1  2  3  4  5  6  1  7  8  9 10  6 11 12 13 14 15 16  5 12 17 18 11 19

  0  1  0  1  0  1  1  0  1  0  0  1  0  1  0  1  0  1  1
  1  1  2  1  2  3  1  1  2  4  3  8  2  3  5  7 14  1  2  3  7 15 19


 48 19 24 12  6  0 23  8
  1  2  2  3  3  4  4  1  5  6  6  1  1  7  7  5  8  9  9 10 10  6  6  8 11 12 12 13 13 14 14 11 15 16 16 17 17 12 12 15 18 19 19  5  5 16 16 18
  1  3  2  4  5  1  6  7  8 10  9  6 11 13 12 14 15 17 16 12 18  5 19 16
  1  2  3  4  5  6  1  7  8  9 10  6 11 12 13 14 15 16 17 12 18 19  5 16

  0  1  0  1  0  1  1  0  1  0  0  1  0  1  0  1  0  0  1
  1  1  2  1  2  3  1  1  2  1  2  4  3  8  2  3  5  7 14  4  5 16 15


 49 19 24 12  6  0 27  4
  1  2  2  3  3  4  4  1  5  6  6  1  1  7  7  5  8  9  9 10 10  6  6  8 11 12 12 13 13 14 14 11 15 16 16  5  5 12 12 15 17 18 18 15 15 19 19 17
  1  3  2  4  5  1  6  7  8 10  9  6 11 13 12 14 15  5 16 12 17 15 18 19
  1  2  3  4  5  6  1  7  8  9 10  6 11 12 13 14 15 16  5 12 17 18 15 19

  0  1  0  1  0  1  1  0  1  0  0  1  0  1  0  1  0  1  1
  1  1  2  1  2  3  1  1  2  4  3  8  2  3  5  7 14  1  2  4  9  5 17  3  8 17 14


 50 19 24 12  6  0 20  4
  1  2  2  3  3  4  4  1  5  6  6  1  1  7  7  5  8  9  9 10 10 11 11  8 12 13 13  5  5  9  9 12 14 15 15  8  8 16 16 14 17 18 18 14 14 19 19 17
  1  3  2  4  5  1  6  7  8 10  9 11 12  5 13  9 14  8 15 16 17 14 18 19
  1  2  3  4  5  6  1  7  8  9 10 11 12 13  5  9 14 15  8 16 17 18 14 19

  0  1  0  1  0  1  1  0  1  0  1  0  1  0  1  1  0  1  1
  1  1  2  1  1  2  4  2  3  5  1  2  3  7 15  1  2  4  5 15


 51 19 24 12  6  0 20  8
  1  2  2  3  3  4  4  1  5  6  6  1  1  7  7  5  8  9  9 10 10 11 11  8 12 13 13  5  5  9  9 12 14 15 15 16 16 17 17 14 18 19 19  8  8 15 15 18
  1  3  2  4  5  1  6  7  8 10  9 11 12  5 13  9 14 16 15 17 18  8 19 15
  1  2  3  4  5  6  1  7  8  9 10 11 12 13  5  9 14 15 16 17 18 19  8 15

  0  1  0  1  0  1  1  0  1  0  1  0  1  0  1  0  1  0  1
  1  1  2  1  1  2  4  2  3  5  1  1  2  3  7 15  2  3  7 19


 52 19 24 12  6  0 24  8
  1  2  2  3  3  4  4  1  5  6  6  1  1  7  7  5  8  9  9 10 10 11 11  8 12 13 13  5  5  9  9 12 14 15 15 16 16 13 13 14 17 18 18 19 19 15 15 17
  1  3  2  4  5  1  6  7  8 10  9 11 12  5 13  9 14 16 15 13 17 19 18 15
  1  2  3  4  5  6  1  7  8  9 10 11 12 13  5  9 14 15 16 13 17 18 19 15

  0  1  0  1  0  1  1  0  1  0  1  0  1  0  1  0  0  1  0
  1  1  2  1  1  2  4  2  3  5  1  2  3  5  4  8 18  1  2  4  5 16  9 17


 53 19 24 12  6  0 29  4
  1  2  2  3  3  4  4  1  5  6  6  1  1  7  7  5  8  9  9 10 10 11 11  8 12 13 13  5  5  9  9 12 14 15 15 16 16 13 13 14 17 18 18 12 12 19 19 17
  1  3  2  4  5  1  6  7  8 10  9 11 12  5 13  9 14 16 15 13 17 12 18 19
  1  2  3  4  5  6  1  7  8  9 10 11 12 13  5  9 14 15 16 13 17 18 12 19

  0  1  0  1  0  1  1  0  1  0  1  0  1  0  1  0  0  1  1
  1  1  2  1  1  2  4  2  3  5  1  2  3  5  4  8 18  1  2  4  9  3  8 17  3  8 17  8 20


 54 19 24 12  6  0 24  4
  1  2  2  3  3  4  4  1  5  6  6  1  1  7  7  5  8  9  9 10 10 11 11  8 12 13 13  5  5  9  9 12 14 15 15 12 12 16 16 14 17 18 18 14 14 19 19 17
  1  3  2  4  5  1  6  7  8 10  9 11 12  5 13  9 14 12 15 16 17 14 18 19
  1  2  3  4  5  6  1  7  8  9 10 11 12 13  5  9 14 15 12 16 17 18 14 19

  0  1  0  1  0  1  1  0  1  0  1  0  1  0  1  1  0  1  1
  1  1  2  1  1  2  4  2  3  5  1  2  4  9  3  8 17  1  2  4  9 21  5 17


 55 19 24 12  6  0 20  4
  1  2  2  3  3  4  4  1  5  6  6  7  7  2  2  5  8  9  9 10 10 11 11  8 12 13 13  1  1  9  9 12 14 15 15 16 16 17 17 14 18 19 19  8  8 15 15 18
  1  3  2  4  5  7  6  2  8 10  9 11 12  1 13  9 14 16 15 17 18  8 19 15
  1  2  3  4  5  6  7  2  8  9 10 11 12 13  1  9 14 15 16 17 18 19  8 15

  0  1  0  1  0  1  0  0  1  0  1  0  1  0  1  0  1  0  1
  1  1  2  1  1  2  3  2  3  7  1  1  2  3  7 19  2  3  7 19


 56 19 24 12  6  0 20  2
  1  2  2  3  3  4  4  1  5  6  6  7  7  2  2  5  8  9  9 10 10  6  6  8 11 12 12 13 13  9  9 11 14 15 15 16 16 12 12 14 17 18 18 19 19 15 15 17
  1  3  2  4  5  7  6  2  8 10  9  6 11 13 12  9 14 16 15 12 17 19 18 15
  1  2  3  4  5  6  7  2  8  9 10  6 11 12 13  9 14 15 16 12 17 18 19 15

  0  1  0  1  0  1  0  0  1  0  0  1  0  0  1  0  0  1  0
  1  1  2  1  2  4  1  2  4  9  1  2  4  9 21  1  2  4  9 21
